0.049008620943259
0.014226
0.044372807720495
0.062477750831796
0.056660278370301
0.0432221
0.082949443059553
0.16185251810698
0.24999968985333
0.1834172943616
0.070017905948479
0.064237221180559
0.13446652159181
0.17557176721503
0.18044305789351
0.15285750861505
0.053909384118537
0.015649
0.048809590789106
0.068726630711828
0.062325815678577
0.047544
0.091245334254635
0.17803774230213
0.27500003944734
0.20223054880816
0.078117374667868
0.06899366458596
0.14552963311986
0.1906988845615
0.19641559306338
0.16675473875426
0.058810246814735
0.017072
0.053247227627361
0.074974145576992
0.06799202160548
0.051866
0.099540287544341
0.19422309198293
0.30000040855041
0.22104381606498
0.086224556345626
0.073768880545932
0.15659343708151
0.20582557476903
0.21238814525488
0.18065197838939
0.063711207525521
0.018494
0.057684864470674
0.081221660442274
0.07365822753773
0.056188
0.10783441600324
0.21040844166373
0.32499979686818
0.23985722893863
0.09433661340116
0.078558844925317
0.16765973264025
0.22095362522032
0.22835971196373
0.19455025706742
0.06861197070162
0.019917
0.062121314417839
0.087470042700344
0.079323839827633
0.060511
0.11613025066175
0.22659376121059
0.3500001464622
0.25867060871999
0.10245358337315
0.083361945544715
0.17872532575156
0.23608112029766
0.24433252969132
0.20844751028976
0.073512931414888
0.021339
0.066558951253757
0.093717557565272
0.084990045752429
0.064833
0.12442437912005
0.24277911089138
0.37499953477999
0.27748409027478
0.11057413901089
0.088176273481022
0.18979388062053
0.25120971434242
0.26030522631674
0.22234480074875
0.078413694589721
0.022762
0.070996588094077
0.099965072430324
0.090656251681834
0.069155
0.13271938894755
0.25896443043826
0.399999884374
0.29629752508512
0.11869737935608
0.092999684133872
0.20086328748928
0.26633851095364
0.27627815421638
0.23624206290371
0.083314557284787
0.024185
0.075433371162901
0.10621395231324
0.096321788988785
0.073477
0.14101516706922
0.27514978011905
0.42500025347705
0.31511105153282
0.1268219734628
0.097830175763923
0.21193269384642
0.28146648725026
0.29225002776862
0.2501403278262
0.088215418478631
0.025607
0.079870674881336
0.11246096955389
0.10198806990036
0.077799
0.1493099174461
0.29133414614899
0.4499996222858
0.33392477614333
0.13494834058261
0.10266730239468
0.2230022137222
0.29659474784628
0.30822294986545
0.26403762880506
0.093116281172575
0.02703
0.084308311719545
0.11870848441876
0.10765427582776
0.082121
0.15760487073504
0.30751949582979
0.47499999138885
0.35273823659372
0.14307699748737
0.10751083796995
0.23407347605613
0.31172398199208
0.32419588523362
0.27793489948907
0.098017143867999
0.028453
0.088745094788388
0.12495736430079
0.11331981313521
0.086443
0.16590064885419
0.3237048455106
0.50000036049191
0.71809219692895
0.65245670298802
0.53571512833221
0.37859729313455
0.19684172065139
0.028514666568101
0.17703785521182
