0.025
0.025000349594356
0.025000016228195
0.025000073799891
0.024999053142069
0.025000073799891
0.025000016228195
0.025000349594356
0.025
0.025000349594356
0.025000016228195
0.025000073799891
0.024999053142069
0.025000073799891
0.025000016228195
0.025000349594356
0.025
0.025
0.025000369103075
0.02499997795999
0.025000073799891
0.025000467355632
0.025000073799891
0.02499997795999
0.025000369103075
0.025
0.025000369103075
0.02499997795999
0.025000073799891
0.025000467355632
0.025000073799891
0.02499997795999
0.025000369103075
0.025
0.025
0.024999388318317
0.02499997795999
0.025000073799891
0.025000467355632
0.025000073799891
0.02499997795999
0.024999388318317
0.025
0.024999388318317
0.02499997795999
0.025000073799891
0.025000467355632
0.025000073799891
0.02499997795999
0.024999388318317
0.025
0.025
0.025000349594356
0.02499997795999
0.024999797919183
0.024999053142069
0.024999797919183
0.02499997795999
0.025000349594356
0.025
0.025000349594356
0.02499997795999
0.024999797919183
0.024999053142069
0.024999797919183
0.02499997795999
0.025000349594356
0.025
0.025
0.024999388318317
0.02499997795999
0.025000073799891
0.025000467355632
0.025000073799891
0.02499997795999
0.024999388318317
0.025
0.024999388318317
0.02499997795999
0.025000073799891
0.025000467355632
0.025000073799891
0.02499997795999
0.024999388318317
0.025
0.025
0.025000349594356
0.02499997795999
0.025000073799891
0.025000467355632
0.025000073799891
0.02499997795999
0.025000349594356
0.025
0.025000349594356
0.02499997795999
0.025000073799891
0.025000467355632
0.025000073799891
0.02499997795999
0.025000349594356
0.025
0.025
0.025000369103075
0.02499997795999
0.025000073799891
0.024999053142069
0.025000073799891
0.02499997795999
0.025000369103075
0.025
0.025000369103075
0.02499997795999
0.025000073799891
0.024999053142069
0.025000073799891
0.02499997795999
0.025000369103075
0.025
0.025
0.024999368808832
0.025000360657399
0.024999797919183
0.025000467355632
0.024999797919183
0.025000360657399
0.024999368808832
0.025
0.024999368808832
0.025000360657399
0.024999797919183
0.025000467355632
0.024999797919183
0.025000360657399
0.024999368808832
0.025
0.025
0.025000369103075
0.02499997795999
0.025000073799891
0.025000467355632
0.025000073799891
0.02499997795999
0.025000369103075
0.025
0.025000369103075
0.02499997795999
0.025000073799891
0.025000467355632
0.025000073799891
0.02499997795999
0.025000369103075
0.025
0.025
0.025000369103075
0.02499997795999
0.025000073799891
0.024999053142069
0.025000073799891
0.02499997795999
0.025000369103075
0.025
0.025000369103075
0.02499997795999
0.025000073799891
0.024999053142069
0.025000073799891
0.02499997795999
0.025000369103075
0.025
