0.99518409335509
-0
-0.85376612268108
-0.86739678171033
-0.74360735972106
-0
0.82482772007136
0.95351683004396
0.98078521674909
0.9667583453195
0.78672732715733
-0.80758474676518
-0.97290387563629
-0.9913045973208
-0.9968873399727
-0.99950601958822
0.99518480645287
-0
-0.85376663328431
-0.86739302338213
-0.74360839878956
-0
0.82483121591696
0.95351692177669
0.98078531385682
0.9669157362842
0.79345984505411
-0.79698622083613
-0.97199447952638
-0.99108078389965
-0.99682106163954
-0.99949783283593
0.99518541699669
-0
-0.85377214975677
-0.86739234571493
-0.74360195220207
-0
0.82483185477465
0.95351689703445
0.98078533099919
0.96704627980707
0.79885595147506
-0.78754075661792
-0.97120289863004
-0.99088755237958
-0.99676420143855
-0.99949085312982
0.9951844025967
-0
-0.85377681740135
-0.86739177229788
-0.74359649737627
-0
0.82482943105406
0.95351687609871
0.98078522839596
0.96715617463984
0.80327242274173
-0.77908477470849
-0.97050733314206
-0.99071920536143
-0.99671521759559
-0.99948467265511
0.99518494078742
-0
-0.85376493554634
-0.86739411183232
-0.74360999326525
-0
0.82483245712612
0.95351698495883
0.98078530386294
0.96724982106815
0.80695078959691
-0.77150310708022
-0.96989052486587
-0.9905705280674
-0.996672036702
-0.99947943590398
0.99518409335509
-0
-0.85376946195186
-0.86739349714042
-0.74360472971264
-0
0.82483031642038
0.95351696095291
0.98078521674909
0.96733077465523
0.8100718739594
-0.76463880064643
-0.96934105250651
-0.99043940498596
-0.99663423462856
-0.99947468639539
0.99518458361519
-0
-0.85377342245912
-0.86739295928021
-0.74360012408839
-0
0.82483050041216
0.95351705090199
0.98078528351071
0.96740126302996
0.81274751408454
-0.75841117802583
-0.96884802809169
-0.99032242485547
-0.99660033121676
-0.99947061542652
0.99518502770872
-0
-0.85377332349259
-0.86739075228361
-0.74360122202817
-0
0.82483326026132
0.95351702584129
0.98078529739631
0.96746337050717
0.81506380304291
-0.75274320448637
-0.96840178962066
-0.99021735313089
-0.99656996518948
-0.99946698788092
0.99518430580552
-0
-0.85376767006554
-0.86739426475654
-0.74360658137854
-0
0.82482799606705
0.95351679050329
0.98078526768117
0.96751760600516
0.81709044752944
-0.74756030605494
-0.96799935927503
-0.99012205081999
-0.99654292496417
-0.99946360370791
0.99518471778589
-0
-0.85377109957372
-0.86739377142384
-0.7436026055117
-0
0.82482856902654
0.95351678178575
0.98078528093829
0.96756678066943
0.81888075691793
-0.74279953080009
-0.96763206073672
-0.99003611473127
-0.99651819999873
-0.99946066690672
0.99518508855314
-0
-0.85377113158387
-0.86739185486578
-0.74360341469548
-0
0.82483101148249
0.95351677393997
0.98078529286967
0.99143258072535
0.99118454456567
0.98994777625754
0.98641988934473
0.97206018808822
0.065731085984247
-0.99852655686828
