-0.098023570293112
-1
-0.5206567081697
-0.49761714508099
-0.66861655271813
-1
-0.56538414569378
-0.30133976641477
-0.19509064202685
-0.25569181010566
-0.61730066637246
-0.58975153818555
-0.23120996685241
-0.13158721568089
-0.078839275758648
-0.031427962182075
-0.098016330299404
-1
-0.52065587088823
-0.4976236961681
-0.66861539710781
-1
-0.56537904564013
-0.30133947614858
-0.1950901538335
-0.25509597983111
-0.6086226041536
-0.60399748658198
-0.23500368458865
-0.13326244701659
-0.079672900485809
-0.031687255423589
-0.098010131094295
-1
-0.52064682492041
-0.49762487738772
-0.66862256668562
-1
-0.56537811360984
-0.30133955443951
-0.19509006765291
-0.25460065339921
-0.60152237597023
-0.61626257120296
-0.23825391852521
-0.13469171666888
-0.080381134170705
-0.031906653065132
-0.098020430667531
-1
-0.52063917070081
-0.49762587688941
-0.66862863316624
-1
-0.56538164956694
-0.30133962068561
-0.19509058347417
-0.25418287482842
-0.59561179879401
-0.6269185862753
-0.24107159998117
-0.13592445007432
-0.080986264350066
-0.032099674881621
-0.098014966356901
-1
-0.52065865481288
-0.49762179891823
-0.66861362378885
-1
-0.56537723483643
-0.30133927622368
-0.19509020407617
-0.25382628635275
-0.59061867831023
-0.6362255541595
-0.24354131020304
-0.13700375514662
-0.081515957065407
-0.032262318655913
-0.098023570293112
-1
-0.52065123243726
-0.49762287037324
-0.6686194776919
-1
-0.56538035791303
-0.30133935218476
-0.19509064202685
-0.25351759782098
-0.58633058850781
-0.6444590790314
-0.24571919730775
-0.1379484869473
-0.081976840426686
-0.032409123018545
-0.09801859280085
-1
-0.52064473789951
-0.49762380790223
-0.66862459979852
-1
-0.56538008948833
-0.30133906756205
-0.19509030639378
-0.25324848723742
-0.58261606427337
-0.65177640724828
-0.24765600833181
-0.13878578755903
-0.082387983460223
-0.032534426365608
-0.09801408380635
-1
-0.52064490018862
-0.49762765483127
-0.66862337874039
-1
-0.56537606313557
-0.30133914686076
-0.19509023658612
-0.2530111197693
-0.5793712082674
-0.65831426241544
-0.24939521619209
-0.13953348543793
-0.082754483154909
-0.032645675613225
-0.098021413366583
-1
-0.52065417078024
-0.49762153235915
-0.6686174183571
-1
-0.56538374304893
-0.30133989153164
-0.19509038597424
-0.25280364330848
-0.57650949736855
-0.6641939391556
-0.25095266574221
-0.14020814698159
-0.083079472217037
-0.032749120036917
-0.098017230553749
-1
-0.5206485470379
-0.49762239227664
-0.66862184011308
-1
-0.5653829071679
-0.30133991911619
-0.19509031932621
-0.25261536957399
-0.57396367999161
-0.66951389607922
-0.25236520171057
-0.14081367663626
-0.083375518416965
-0.032838625220432
-0.098013466021188
-1
-0.52064849454694
-0.49762573296857
-0.66862094018451
-1
-0.56537934388937
-0.30133994394226
-0.19509025934308
-0.13061943912096
-0.13248848483604
-0.14143337754131
-0.16424311828849
-0.23473174206717
-0.99783737369139
-0.054265230385364
