-1.22464e-16
-0.1950852719716
-0.38268375158934
-0.55555835999414
-0.70710678118655
-0.83147754548191
-0.92387940028421
-0.98078628490603
-1
-0.98078628490603
-0.92387940028421
-0.83147754548191
-0.70710678118655
-0.55555835999414
-0.38268375158934
-0.1950852719716
0
-1.22464e-16
-0.19508911968024
-0.38268033737113
-0.55555835999414
-0.70710678118655
-0.83147754548191
-0.92388081449369
-0.98078551956194
-1
-0.98078551956194
-0.92388081449369
-0.83147754548191
-0.70710678118655
-0.55555835999414
-0.38268033737113
-0.19508911968024
0
-1.22464e-16
-0.19509677348491
-0.38268033737113
-0.55555835999414
-0.70710678118655
-0.83147754548191
-0.92388081449368
-0.98078399710424
-1
-0.98078399710424
-0.92388081449368
-0.83147754548191
-0.70710678118655
-0.55555835999414
-0.38268033737113
-0.19509677348491
0
-1.22464e-16
-0.1950852719716
-0.38268033737113
-0.55560449108037
-0.70710678118655
-0.8314467207773
-0.92388081449368
-0.98078628490603
-1
-0.98078628490603
-0.92388081449368
-0.8314467207773
-0.70710678118655
-0.55560449108037
-0.38268033737113
-0.1950852719716
0
-1.22468e-16
-0.19509677348491
-0.38268033737113
-0.55555835999414
-0.70710678118655
-0.83147754548191
-0.92388081449369
-0.98078399710424
-1
-0.98078399710424
-0.92388081449369
-0.83147754548191
-0.70710678118655
-0.55555835999414
-0.38268033737113
-0.19509677348491
0
-1.22464e-16
-0.1950852719716
-0.38268033737113
-0.55555835999414
-0.70710678118655
-0.83147754548191
-0.92388081449368
-0.98078628490603
-1
-0.98078628490603
-0.92388081449368
-0.83147754548191
-0.70710678118655
-0.55555835999414
-0.38268033737113
-0.1950852719716
0
-1.22464e-16
-0.19508911968024
-0.38268033737113
-0.55555835999414
-0.70710678118655
-0.83147754548191
-0.92388081449368
-0.98078551956194
-1
-0.98078551956194
-0.92388081449368
-0.83147754548191
-0.70710678118655
-0.55555835999414
-0.38268033737113
-0.19508911968024
0
-1.22464e-16
-0.19509292563726
-0.38271447884767
-0.55560449108037
-0.70710678118655
-0.8314467207773
-0.92386667202598
-0.98078476250719
-1
-0.98078476250719
-0.92386667202598
-0.8314467207773
-0.70710678118655
-0.55560449108037
-0.38271447884767
-0.19509292563726
0
-1.22464e-16
-0.19508911968024
-0.38268033737113
-0.55555835999414
-0.70710678118655
-0.83147754548191
-0.92388081449368
-0.98078551956194
-1
-0.98078551956194
-0.92388081449368
-0.83147754548191
-0.70710678118655
-0.55555835999414
-0.38268033737113
-0.19508911968024
0
-1.22464e-16
-0.19508911968024
-0.38268033737113
-0.55555835999414
-0.70710678118655
-0.83147754548191
-0.92388081449368
-0.98078551956194
-1
-0.98078551956194
-0.92388081449368
-0.83147754548191
-0.70710678118655
-0.55555835999414
-0.38268033737113
-0.19508911968024
0
