1
-1.1996529054793e-10
-6.2753828309753e-10
0
6.2784410193602
0
-0
0
1
1.5408922361751e-10
6.2005526504793e-10
0
6.2784410024815
0
-0
0
1
4.4135918666001e-10
4.6197272989334e-10
0
6.2784409975248
0
-0
0
1
-3.3513561727601e-11
-6.3803021284115e-10
0
6.2784410091152
0
-0
0
1
-4.6991562944742e-10
-4.3287990542278e-10
0
6.2784410091152
0
-0
0
1
-1.5067206954808e-10
6.2089827046981e-10
0
6.2784409975248
0
-0
0
1
-6.2261096897353e-10
-1.4341409227321e-10
0
6.2784410024815
0
-0
0
1
1.2462356310622e-10
-6.2662982310768e-10
0
6.2784410193602
0
-0
0
1
-4.8953036462257e-10
-4.1055570852411e-10
0
6.2784410193602
0
0
0
1
-1.131122279797e-10
6.2882242678691e-10
0
6.2784410024815
0
0
0
1
-4.7969720674962e-10
-4.2202763493746e-10
0
6.2784409975248
0
0
0
1
6.2685691721937e-10
1.2351565346962e-10
0
6.2784410091152
0
0
0
1
-2.3633298984064e-10
5.9359281433554e-10
0
6.2784410091152
0
0
0
1
-5.0698783806526e-10
3.8881880981791e-10
0
6.2784409975248
0
0
0
1
3.9693327316698e-10
-5.00655567433e-10
0
6.2784410024815
0
0
0
1
1.1342898899104e-10
6.2875260011051e-10
0
6.2784410193602
0
0
0
1
9.6181830351935e-08
-3.9411344258576e-07
0
6.27222106914
0
-0
0
1
-3.7190633560298e-07
-1.6206951878079e-07
0
6.2722210541153
0
-0
0
1
-4.0272473783774e-07
4.8844723994383e-08
0
6.2722210802507
0
-0
0
1
3.2672148248453e-08
-4.0433992043526e-07
0
6.2722211295918
0
-0
0
1
3.0579384271794e-07
-2.6654899415409e-07
0
6.2722211295918
0
-0
0
1
3.205177753843e-07
-2.4867926570437e-07
0
6.2722210802507
0
-0
0
1
-3.5309621524609e-07
-1.9975964096473e-07
0
6.2722210541153
0
-0
0
1
-2.3820208627355e-07
3.2838409859732e-07
0
6.27222106914
0
-0
0
1
3.9486733873237e-07
9.3038351872015e-08
0
6.27222106914
0
0
0
1
-3.9025498849298e-07
-1.1082371287689e-07
0
6.2722210541153
0
0
0
1
-1.1827874427953e-08
4.0550354241989e-07
0
6.2722210802507
0
0
0
1
2.7856461035843e-07
-2.948898071901e-07
0
6.2722211295918
0
0
0
1
-1.8761352174233e-07
3.596656878105e-07
0
6.2722211295918
0
0
0
1
4.029289071968e-07
4.713085267375e-08
0
6.2722210802507
0
0
0
1
-3.9369206389124e-07
-9.791532162299e-08
0
6.2722210541153
0
0
0
1
2.977861510578e-07
2.7549910772056e-07
0
6.27222106914
0
0
0
1
1.4983772318196e-05
-5.0638969678225e-05
0
6.2660011819004
0
-0
0
1
-4.4218292796254e-05
2.8872407438495e-05
0
6.2660011669521
0
-0
0
1
-2.764619066154e-05
-4.4995112365892e-05
0
6.2660011673171
0
-0
0
1
1.5114252301232e-05
5.0600843141074e-05
0
6.2660011634999
0
-0
0
1
-5.0720682184225e-05
-1.4707084958607e-05
0
6.2660011634999
0
-0
0
1
-4.7885292148054e-05
-2.2268156430404e-05
0
6.2660011673171
0
-0
0
1
5.2274773868705e-05
-7.4980894956915e-06
0
6.2660011669521
0
-0
0
1
-2.0872828601657e-06
-5.2768001034882e-05
0
6.2660011819004
0
-0
0
1
3.0415704707487e-05
-4.3170633422532e-05
0
6.2660011819004
0
0
0
1
-8.0346104628282e-06
-5.2195003245716e-05
0
6.2660011669521
0
0
0
1
3.5878729992666e-05
-3.8750338437578e-05
0
6.2660011673171
0
0
0
1
3.5605696727999e-05
3.9001542401892e-05
0
6.2660011634999
0
0
0
1
1.4518470712495e-05
-5.0774993425733e-05
0
6.2660011634999
0
0
0
1
-3.2418954911105e-05
-4.1687928197323e-05
0
6.2660011673171
0
0
0
1
-4.677543409247e-05
2.4513916345021e-05
0
6.2660011669521
0
0
0
1
8.1403004757501e-06
5.2178100685251e-05
0
6.2660011819004
0
0
0
1
0.0013944192000473
-0.0002051798345869
0
6.2597822857366
0
-0
0
1
0.0011332050686232
0.00083807619122239
0
6.2597822720772
0
-0
0
1
0.0012701595416835
0.00061091951581647
0
6.2597822705164
0
-0
0
1
-0.001362845258035
-0.00035938620601289
0
6.2597822844984
0
-0
0
1
-0.00079585504029637
-0.0011632370339942
0
6.2597822844984
0
-0
0
1
-1.7992868425485e-05
0.0014093275605127
0
6.2597822705164
0
-0
0
1
0.00044334841612675
-0.0013378967119195
0
6.2597822720772
0
-0
0
1
0.00054578181562308
-0.0012994713847241
0
6.2597822857366
0
-0
0
1
0.00071156072673015
-0.0012166285391018
0
6.2597822857366
0
0
0
1
0.00020360633514723
0.0013946576247005
0
6.2597822720772
0
0
0
1
-0.0012536082649725
0.00064420046113584
0
6.2597822705164
0
0
0
1
-0.0014088024272274
-4.2206201666187e-05
0
6.2597822844984
0
0
0
1
-0.0014071280042047
-8.0600385878072e-05
0
6.2597822844984
0
0
0
1
-0.0013850977451811
-0.00026082973839106
0
6.2597822705164
0
0
0
1
-0.00037940563168775
-0.001357415484106
0
6.2597822720772
0
0
0
1
0.00093499511290021
0.0010546505624302
0
6.2597822857366
0
0
0
1
0.0065404625775545
-0.0040869216297959
0
6.2535911447531
0
-0
0
1
0.0067696019040223
-0.0036950350805777
0
6.2535911324683
0
-0
0
1
-0.0054794315644558
-0.0054274012621837
0
6.2535911290097
0
-0
0
1
0.0072619145863273
-0.0025970944095921
0
6.2535911605371
0
-0
0
1
-0.0065696340721182
0.0040398280891531
0
6.2535911605371
0
-0
0
1
0.0017739610363206
0.0075055923798142
0
6.2535911290097
0
-0
0
1
-0.0077054808107687
-0.00032612828843562
0
6.2535911324683
0
-0
0
1
-0.0075878660721982
-0.0013801694123797
0
6.2535911447531
0
-0
0
1
-0.0028711337173456
-0.0071580144113858
0
6.2535911447531
0
0
0
1
-0.0071564312428117
-0.0028751149633626
0
6.2535911324683
0
0
0
1
0.0077116645218515
-0.00010528548202508
0
6.2535911290097
0
0
0
1
0.00085188727358305
-0.0076651543301198
0
6.2535911605371
0
0
0
1
0.0024074764491492
-0.0073269611694234
0
6.2535911605371
0
0
0
1
-0.0072806378464059
0.0025442419853052
0
6.2535911290097
0
0
0
1
0.0067568852482252
-0.0037182382828375
0
6.2535911324683
0
0
0
1
-0.0075938705391038
0.001346740276303
0
6.2535911447531
0
0
0
2
0.0022457304275155
-0.017158552869661
0
6.2474163812527
0
-0
0
2
-0.0085216448650218
-0.015061211295529
0
6.2474163699572
0
-0
0
2
-0.013072512092518
0.011338691191794
0
6.2474163383769
0
-0
0
2
-0.0059910197708565
0.016234616710641
0
6.2474163166739
0
-0
0
2
0.0058011187064848
0.016303438882318
0
6.2474163166739
0
-0
0
2
0.011273516857681
0.013128758814583
0
6.2474163383769
0
-0
0
2
-0.011525666084398
-0.012908041609984
0
6.2474163699572
0
-0
0
2
-0.0031925407011559
0.017007848941165
0
6.2474163812527
0
-0
0
2
-0.016293511057743
-0.0058293000561996
0
6.2474163812527
0
0
0
2
0.0034837666828703
-0.016950571866266
0
6.2474163699572
0
0
0
2
0.00044970436449847
0.017298966915295
0
6.2474163383769
0
0
0
2
-0.004396038251567
-0.016737082939598
0
6.2474163166739
0
0
0
2
0.0090022130754789
0.014778878759226
0
6.2474163166739
0
0
0
2
0.017287337863723
0.00077745735407174
0
6.2474163383769
0
0
0
2
-0.0072377805081002
0.015718557510493
0
6.2474163699572
0
0
0
2
0.0019572878788996
0.017193843837058
0
6.2474163812527
0
0
0
2
0.00267302994463
-0.0029492215700373
0
6.2411255269712
0
-0
0
2
-0.0027332747979208
0.0028934616005797
0
6.2411255195038
0
-0
0
2
-0.0039742402883362
0.00021986027649862
0
6.2411255206574
0
-0
0
2
0.0025084193185623
0.0030904549684639
0
6.2411255341458
0
-0
0
2
-0.0028572770298888
-0.0027711094103823
0
6.2411255341458
0
-0
0
2
0.0027335390475431
0.0028932142482322
0
6.2411255206574
0
-0
0
2
0.0016784094683421
0.003609134634723
0
6.2411255195038
0
-0
0
2
0.0038455237889704
-0.0010271045431329
0
6.2411255269712
0
-0
0
2
0.0034829166515879
-0.0019267300153767
0
6.2411255269712
0
0
0
2
0.0039635237313334
-0.00036522703368551
0
6.2411255195038
0
0
0
2
0.0012983371911737
0.0037626114533169
0
6.2411255206574
0
0
0
2
-0.0038266505854424
0.0010953650929131
0
6.2411255341458
0
0
0
2
0.0035363312945467
-0.0018268662690653
0
6.2411255341458
0
0
0
2
-0.0015025746124662
0.0036858098085209
0
6.2411255206574
0
0
0
2
-0.0024984557373168
0.0030984883546088
0
6.2411255195038
0
0
0
2
-0.0033599470306205
0.0021339524140633
0
6.2411255269712
0
0
0
2
0.000111272605372
-0.00015116948673194
0
6.2349016870091
0
-0
0
2
-0.00017930628245703
-5.5515800218675e-05
0
6.2349016626982
0
-0
0
2
-7.1698523312358e-05
0.00017346913743169
0
6.234901650602
0
-0
0
2
-0.00018506472394371
-3.1399268057908e-05
0
6.2349017113248
0
-0
0
2
0.00014839658373482
0.00011494920625548
0
6.2349017113248
0
-0
0
2
-0.00014486888770544
0.00011935336300856
0
6.234901650602
0
-0
0
2
3.0740956867772e-06
0.0001876787066723
0
6.2349016626982
0
-0
0
2
0.00013815489723154
0.00012707096755756
0
6.2349016870091
0
-0
0
2
-0.00010179559572471
0.00015770688988159
0
6.2349016870091
0
0
0
2
-0.00016925963840725
8.1141369280568e-05
0
6.2349016626982
0
0
0
2
4.5871763655344e-05
-0.00018201099193624
0
6.234901650602
0
0
0
2
0.00016228406556351
9.4333176280191e-05
0
6.2349017113248
0
0
0
2
1.5597259456602e-05
0.00018706039554212
0
6.2349017113248
0
0
0
2
-0.0001226644650535
0.00014207620807019
0
6.234901650602
0
0
0
2
0.00017726259803814
6.1731016023127e-05
0
6.2349016626982
0
0
0
2
-0.00018726523005968
-1.286623627046e-05
0
6.2349016870091
0
0
0
2
8.7121559062867e-10
-1.8148853989021e-06
0
6.2286817901802
0
-0
0
2
-1.4434060922098e-07
1.8090712298602e-06
0
6.2286817490048
0
-0
0
2
1.5979891554882e-06
-8.6014988317322e-07
0
6.2286817236622
0
-0
0
2
1.2841412634944e-07
-1.8102630176017e-06
0
6.2286817436942
0
-0
0
2
1.5235740415363e-06
-9.8603474619273e-07
0
6.2286817436942
0
-0
0
2
1.3365561736053e-06
-1.2276175126554e-06
0
6.2286817236622
0
-0
0
2
-1.6185978616315e-06
8.2080076053799e-07
0
6.2286817490048
0
-0
0
2
4.0460536769118e-07
1.7692100685335e-06
0
6.2286817901802
0
-0
0
2
-1.2325839202891e-06
-1.3321211092125e-06
0
6.2286817901802
0
0
0
2
1.8128916121463e-06
-8.3647646635329e-08
0
6.2286817490048
0
0
0
2
-1.5543551044721e-06
-9.3670025716988e-07
0
6.2286817236622
0
0
0
2
1.7593978320844e-06
-4.4504117697044e-07
0
6.2286817436942
0
0
0
2
-1.7868436144315e-06
3.1738348776843e-07
0
6.2286817436942
0
0
0
2
-1.6601518431297e-06
7.3302320586311e-07
0
6.2286817236622
0
0
0
2
9.9553929020066e-07
1.5173906708045e-06
0
6.2286817490048
0
0
0
2
-6.1028571909397e-07
-1.7091989677141e-06
0
6.2286817901802
0
0
0
2
3.3552412115673e-09
-1.2977271463384e-09
0
6.2224618393465
0
-0
0
2
-3.5692935522422e-09
-4.4805445369618e-10
0
6.2224618006377
0
-0
0
2
3.2079247617849e-09
1.6279071960285e-09
0
6.2224618093335
0
-0
0
2
3.0067454207614e-09
1.9753344182879e-09
0
6.2224618641699
0
-0
0
2
-2.9634056933211e-09
2.0397771412914e-09
0
6.2224618641699
0
-0
0
2
-2.6860603278184e-09
-2.3928942792096e-09
0
6.2224618093335
0
-0
0
2
-2.8041220115573e-09
2.2533328648592e-09
0
6.2224618006377
0
-0
0
2
2.671144278412e-09
-2.4097152483333e-09
0
6.2224618393465
0
-0
0
2
7.7933028058613e-10
3.5120341182717e-09
0
6.2224618393465
0
0
0
2
-3.5381875664245e-09
-6.4949056987291e-10
0
6.2224618006377
0
0
0
2
3.5390240679163e-09
6.4511375962957e-10
0
6.2224618093335
0
0
0
2
-2.5301243485746e-09
-2.5575251455445e-09
0
6.2224618641699
0
0
0
2
-3.3672371328891e-09
1.2665615580128e-09
0
6.2224618641699
0
0
0
2
3.4548654146518e-09
-1.0023812063266e-09
0
6.2224618093335
0
0
0
2
-2.6873229578341e-09
2.3914231277322e-09
0
6.2224618006377
0
0
0
2
3.0017746954318e-09
1.9826971558986e-09
0
6.2224618393465
0
0
0
