1
-1.1996529054793e-10
-6.2753828309753e-10
0
2.5113764077441
0
-0
0
1
1.5408922361751e-10
6.2005526504793e-10
0
2.5113764009926
0
-0
0
1
4.4135918666001e-10
4.6197272989334e-10
0
2.5113763990099
0
-0
0
1
-3.3513561727601e-11
-6.3803021284115e-10
0
2.5113764036461
0
-0
0
1
-4.6991562944742e-10
-4.3287990542278e-10
0
2.5113764036461
0
-0
0
1
-1.5067206954808e-10
6.2089827046981e-10
0
2.5113763990099
0
-0
0
1
-6.2261096897353e-10
-1.4341409227321e-10
0
2.5113764009926
0
-0
0
1
1.2462356310622e-10
-6.2662982310768e-10
0
2.5113764077441
0
-0
0
1
-4.8953036462257e-10
-4.1055570852411e-10
0
2.5113764077441
0
0
0
1
-1.131122279797e-10
6.2882242678691e-10
0
2.5113764009926
0
0
0
1
-4.7969720674962e-10
-4.2202763493746e-10
0
2.5113763990099
0
0
0
1
6.2685691721937e-10
1.2351565346962e-10
0
2.5113764036461
0
0
0
1
-2.3633298984064e-10
5.9359281433554e-10
0
2.5113764036461
0
0
0
1
-5.0698783806526e-10
3.8881880981791e-10
0
2.5113763990099
0
0
0
1
3.9693327316698e-10
-5.00655567433e-10
0
2.5113764009926
0
0
0
1
1.1342898899104e-10
6.2875260011051e-10
0
2.5113764077441
0
0
0
1
9.6181830351935e-08
-3.9411344258576e-07
0
2.508888427656
0
-0
0
1
-3.7190633560298e-07
-1.6206951878079e-07
0
2.5088884216461
0
-0
0
1
-4.0272473783774e-07
4.8844723994383e-08
0
2.5088884321002
0
-0
0
1
3.2672148248453e-08
-4.0433992043526e-07
0
2.5088884518367
0
-0
0
1
3.0579384271794e-07
-2.6654899415409e-07
0
2.5088884518367
0
-0
0
1
3.205177753843e-07
-2.4867926570437e-07
0
2.5088884321002
0
-0
0
1
-3.5309621524609e-07
-1.9975964096473e-07
0
2.5088884216461
0
-0
0
1
-2.3820208627355e-07
3.2838409859732e-07
0
2.508888427656
0
-0
0
1
3.9486733873237e-07
9.3038351872015e-08
0
2.508888427656
0
0
0
1
-3.9025498849298e-07
-1.1082371287689e-07
0
2.5088884216461
0
0
0
1
-1.1827874427953e-08
4.0550354241989e-07
0
2.5088884321002
0
0
0
1
2.7856461035843e-07
-2.948898071901e-07
0
2.5088884518367
0
0
0
1
-1.8761352174233e-07
3.596656878105e-07
0
2.5088884518367
0
0
0
1
4.029289071968e-07
4.713085267375e-08
0
2.5088884321002
0
0
0
1
-3.9369206389124e-07
-9.791532162299e-08
0
2.5088884216461
0
0
0
1
2.977861510578e-07
2.7549910772056e-07
0
2.508888427656
0
0
0
1
1.4983772318196e-05
-5.0638969678225e-05
0
2.5064004722024
0
-0
0
1
-4.4218292796254e-05
2.8872407438495e-05
0
2.5064004662231
0
-0
0
1
-2.764619066154e-05
-4.4995112365892e-05
0
2.5064004663691
0
-0
0
1
1.5114252301232e-05
5.0600843141074e-05
0
2.5064004648422
0
-0
0
1
-5.0720682184225e-05
-1.4707084958607e-05
0
2.5064004648422
0
-0
0
1
-4.7885292148054e-05
-2.2268156430404e-05
0
2.5064004663691
0
-0
0
1
5.2274773868705e-05
-7.4980894956915e-06
0
2.5064004662231
0
-0
0
1
-2.0872828601657e-06
-5.2768001034882e-05
0
2.5064004722024
0
-0
0
1
3.0415704707487e-05
-4.3170633422532e-05
0
2.5064004722024
0
0
0
1
-8.0346104628282e-06
-5.2195003245716e-05
0
2.5064004662231
0
0
0
1
3.5878729992666e-05
-3.8750338437578e-05
0
2.5064004663691
0
0
0
1
3.5605696727999e-05
3.9001542401892e-05
0
2.5064004648422
0
0
0
1
1.4518470712495e-05
-5.0774993425733e-05
0
2.5064004648422
0
0
0
1
-3.2418954911105e-05
-4.1687928197323e-05
0
2.5064004663691
0
0
0
1
-4.677543409247e-05
2.4513916345021e-05
0
2.5064004662231
0
0
0
1
8.1403004757501e-06
5.2178100685251e-05
0
2.5064004722024
0
0
0
1
0.0013944192000473
-0.0002051798345869
0
2.5039125169939
0
-0
0
1
0.0011332050686232
0.00083807619122239
0
2.5039125115258
0
-0
0
1
0.0012701595416835
0.00061091951581647
0
2.503912510901
0
-0
0
1
-0.001362845258035
-0.00035938620601289
0
2.5039125164982
0
-0
0
1
-0.00079585504029637
-0.0011632370339942
0
2.5039125164982
0
-0
0
1
-1.7992868425485e-05
0.0014093275605127
0
2.503912510901
0
-0
0
1
0.00044334841612675
-0.0013378967119195
0
2.5039125115258
0
-0
0
1
0.00054578181562308
-0.0012994713847241
0
2.5039125169939
0
-0
0
1
0.00071156072673015
-0.0012166285391018
0
2.5039125169939
0
0
0
1
0.00020360633514723
0.0013946576247005
0
2.5039125115258
0
0
0
1
-0.0012536082649725
0.00064420046113584
0
2.503912510901
0
0
0
1
-0.0014088024272274
-4.2206201666187e-05
0
2.5039125164982
0
0
0
1
-0.0014071280042047
-8.0600385878072e-05
0
2.5039125164982
0
0
0
1
-0.0013850977451811
-0.00026082973839106
0
2.503912510901
0
0
0
1
-0.00037940563168775
-0.001357415484106
0
2.5039125115258
0
0
0
1
0.00093499511290021
0.0010546505624302
0
2.5039125169939
0
0
0
1
0.0065404625775545
-0.0040869216297959
0
2.5014245617854
0
-0
0
1
0.0067696019040223
-0.0036950350805777
0
2.5014245568285
0
-0
0
1
-0.0054794315644558
-0.0054274012621837
0
2.5014245554329
0
-0
0
1
0.0072619145863273
-0.0025970944095921
0
2.5014245681543
0
-0
0
1
-0.0065696340721182
0.0040398280891531
0
2.5014245681543
0
-0
0
1
0.0017739610363206
0.0075055923798142
0
2.5014245554329
0
-0
0
1
-0.0077054808107687
-0.00032612828843562
0
2.5014245568285
0
-0
0
1
-0.0075878660721982
-0.0013801694123797
0
2.5014245617854
0
-0
0
1
-0.0028711337173456
-0.0071580144113858
0
2.5014245617854
0
0
0
1
-0.0071564312428117
-0.0028751149633626
0
2.5014245568285
0
0
0
1
0.0077116645218515
-0.00010528548202508
0
2.5014245554329
0
0
0
1
0.00085188727358305
-0.0076651543301198
0
2.5014245681543
0
0
0
1
0.0024074764491492
-0.0073269611694234
0
2.5014245681543
0
0
0
1
-0.0072806378464059
0.0025442419853052
0
2.5014245554329
0
0
0
1
0.0067568852482252
-0.0037182382828375
0
2.5014245568285
0
0
0
1
-0.0075938705391038
0.001346740276303
0
2.5014245617854
0
0
0
2
0.0011228652137578
-0.0085792764348303
0
2.4989366065769
0
-0
0
2
-0.0042608224325109
-0.0075306056477643
0
2.4989366021312
0
-0
0
2
-0.006536256046259
0.0056693455958972
0
2.4989365897017
0
-0
0
2
-0.0029955098854282
0.0081173083553206
0
2.4989365811598
0
-0
0
2
0.0029005593532424
0.0081517194411592
0
2.4989365811598
0
-0
0
2
0.0056367584288404
0.0065643794072915
0
2.4989365897017
0
-0
0
2
-0.0057628330421988
-0.006454020804992
0
2.4989366021312
0
-0
0
2
-0.0015962703505779
0.0085039244705823
0
2.4989366065769
0
-0
0
2
-0.0081467555288716
-0.0029146500280998
0
2.4989366065769
0
0
0
2
0.0017418833414351
-0.0084752859331328
0
2.4989366021312
0
0
0
2
0.00022485218224924
0.0086494834576473
0
2.4989365897017
0
0
0
2
-0.0021980191257835
-0.008368541469799
0
2.4989365811598
0
0
0
2
0.0045011065377394
0.007389439379613
0
2.4989365811598
0
0
0
2
0.0086436689318614
0.00038872867703587
0
2.4989365897017
0
0
0
2
-0.0036188902540501
0.0078592787552465
0
2.4989366021312
0
0
0
2
0.00097864393944981
0.0085969219185288
0
2.4989366065769
0
0
0
2
0.001336514972315
-0.0014746107850186
0
2.4964486264888
0
-0
0
2
-0.0013666373989604
0.0014467308002898
0
2.4964486235104
0
-0
0
2
-0.0019871201441681
0.00010993013824931
0
2.4964486239705
0
-0
0
2
0.0012542096592811
0.0015452274842319
0
2.4964486293504
0
-0
0
2
-0.0014286385149444
-0.0013855547051911
0
2.4964486293504
0
-0
0
2
0.0013667695237715
0.0014466071241161
0
2.4964486239705
0
-0
0
2
0.00083920473417107
0.0018045673173615
0
2.4964486235104
0
-0
0
2
0.0019227618944852
-0.00051355227156645
0
2.4964486264888
0
-0
0
2
0.001741458325794
-0.00096336500768834
0
2.4964486264888
0
0
0
2
0.0019817618656667
-0.00018261351684275
0
2.4964486235104
0
0
0
2
0.00064916859558687
0.0018813057266585
0
2.4964486239705
0
0
0
2
-0.0019133252927212
0.00054768254645657
0
2.4964486293504
0
0
0
2
0.0017681656472734
-0.00091343313453267
0
2.4964486293504
0
0
0
2
-0.00075128730623311
0.0018429049042604
0
2.4964486239705
0
0
0
2
-0.0012492278686584
0.0015492441773044
0
2.4964486235104
0
0
0
2
-0.0016799735153102
0.0010669762070316
0
2.4964486264888
0
0
0
2
5.5636302686002e-05
-7.5584743365971e-05
0
2.4939606712803
0
-0
0
2
-8.9653141228515e-05
-2.7757900109337e-05
0
2.493960661556
0
-0
0
2
-3.5849261656179e-05
8.6734568715843e-05
0
2.4939606567176
0
-0
0
2
-9.2532361971853e-05
-1.5699634028954e-05
0
2.4939606810064
0
-0
0
2
7.4198291867412e-05
5.7474603127742e-05
0
2.4939606810064
0
-0
0
2
-7.2434443852721e-05
5.9676681504282e-05
0
2.4939606567176
0
-0
0
2
1.5370478433886e-06
9.3839353336152e-05
0
2.493960661556
0
-0
0
2
6.9077448615772e-05
6.353548377878e-05
0
2.4939606712803
0
-0
0
2
-5.0897797862355e-05
7.8853444940795e-05
0
2.4939606712803
0
0
0
2
-8.4629819203627e-05
4.0570684640284e-05
0
2.493960661556
0
0
0
2
2.2935881827672e-05
-9.100549596812e-05
0
2.4939606567176
0
0
0
2
8.1142032781757e-05
4.7166588140095e-05
0
2.4939606810064
0
0
0
2
7.7986297283008e-06
9.3530197771062e-05
0
2.4939606810064
0
0
0
2
-6.1332232526752e-05
7.1038104035094e-05
0
2.4939606567176
0
0
0
2
8.8631299019072e-05
3.0865508011564e-05
0
2.493960661556
0
0
0
2
-9.3632615029841e-05
-6.4331181352302e-06
0
2.4939606712803
0
0
0
2
4.3560779531433e-10
-9.0744269945106e-07
0
2.4914727160718
0
-0
0
2
-7.217030461049e-08
9.0453561493008e-07
0
2.4914726996016
0
-0
0
2
7.9899457774409e-07
-4.3007494158661e-07
0
2.4914726894646
0
-0
0
2
6.4207063174722e-08
-9.0513150880086e-07
0
2.4914726974774
0
-0
0
2
7.6178702076814e-07
-4.9301737309637e-07
0
2.4914726974774
0
-0
0
2
6.6827808680265e-07
-6.1380875632771e-07
0
2.4914726894646
0
-0
0
2
-8.0929893081575e-07
4.10400380269e-07
0
2.4914726996016
0
-0
0
2
2.0230268384559e-07
8.8460503426675e-07
0
2.4914727160718
0
-0
0
2
-6.1629196014456e-07
-6.6606055460623e-07
0
2.4914727160718
0
0
0
2
9.0644580607315e-07
-4.1823823317664e-08
0
2.4914726996016
0
0
0
2
-7.7717755223607e-07
-4.6835012858494e-07
0
2.4914726894646
0
0
0
2
8.796989160422e-07
-2.2252058848522e-07
0
2.4914726974774
0
0
0
2
-8.9342180721573e-07
1.5869174388422e-07
0
2.4914726974774
0
0
0
2
-8.3007592156484e-07
3.6651160293156e-07
0
2.4914726894646
0
0
0
2
4.9776964510033e-07
7.5869533540226e-07
0
2.4914726996016
0
0
0
2
-3.0514285954699e-07
-8.5459948385703e-07
0
2.4914727160718
0
0
0
2
1.6776206057836e-09
-6.4886357316922e-10
0
2.4889847357386
0
-0
0
2
-1.7846467761211e-09
-2.2402722684809e-10
0
2.4889847202551
0
-0
0
2
1.6039623808925e-09
8.1395359801423e-10
0
2.4889847237334
0
-0
0
2
1.5033727103807e-09
9.8766720914396e-10
0
2.488984745668
0
-0
0
2
-1.4817028466605e-09
1.0198885706457e-09
0
2.488984745668
0
-0
0
2
-1.3430301639092e-09
-1.1964471396048e-09
0
2.4889847237334
0
-0
0
2
-1.4020610057787e-09
1.1266664324296e-09
0
2.4889847202551
0
-0
0
2
1.335572139206e-09
-1.2048576241667e-09
0
2.4889847357386
0
-0
0
2
3.8966514029306e-10
1.7560170591359e-09
0
2.4889847357386
0
0
0
2
-1.7690937832122e-09
-3.2474528493645e-10
0
2.4889847202551
0
0
0
2
1.7695120339581e-09
3.2255687981479e-10
0
2.4889847237334
0
0
0
2
-1.2650621742873e-09
-1.2787625727722e-09
0
2.488984745668
0
0
0
2
-1.6836185664445e-09
6.3328077900638e-10
0
2.488984745668
0
0
0
2
1.7274327073259e-09
-5.0119060316328e-10
0
2.4889847237334
0
0
0
2
-1.343661478917e-09
1.1957115638661e-09
0
2.4889847202551
0
0
0
2
1.5008873477159e-09
9.9134857794929e-10
0
2.4889847357386
0
0
0
