0.0012802896104
0.00128028878325
0.00128029392
0.001280246531
0.001280246531
0.00128029392
0.00128028878325
0.0012802896104
0.0012802896104
0.00128028878325
0.00128029392
0.001280246531
0.001280246531
0.00128029392
0.00128028878325
0.0012802896104
0.0014022211246
0.001402223006
0.001402216614
0.001402223862
0.001402223862
0.001402216614
0.001402223006
0.0014022211246
0.0014022211246
0.001402223006
0.001402216614
0.001402223862
0.001402223862
0.001402216614
0.001402223006
0.0014022211246
0.00152412436105
0.00152412192545
0.001524141618
0.001524166706
0.001524166706
0.001524141618
0.00152412192545
0.00152412436105
0.00152412436105
0.00152412192545
0.001524141618
0.001524166706
0.001524166706
0.001524141618
0.00152412192545
0.00152412436105
0.001646087001
0.0016460796978
0.0016460698765
0.001646039174
0.001646039174
0.0016460698765
0.0016460796978
0.001646087001
0.001646087001
0.0016460796978
0.0016460698765
0.001646039174
0.001646039174
0.0016460698765
0.0016460796978
0.001646087001
0.00176798444645
0.0017679760782
0.001768025296
0.001768013929
0.001768013929
0.001768025296
0.0017679760782
0.00176798444645
0.00176798444645
0.0017679760782
0.001768025296
0.001768013929
0.001768013929
0.001768025296
0.0017679760782
0.00176798444645
0.0018899519156
0.00188993839805
0.0018899503
0.001889956773
0.001889956773
0.0018899503
0.00188993839805
0.0018899519156
0.0018899519156
0.00188993839805
0.0018899503
0.001889956773
0.001889956773
0.0018899503
0.00188993839805
0.0018899519156
0.0020118835499
0.0020118725329
0.002011875304
0.002011840988
0.002011840988
0.002011875304
0.0020118725329
0.0020118835499
0.0020118835499
0.0020118725329
0.002011875304
0.002011840988
0.002011840988
0.002011875304
0.0020118725329
0.0020118835499
0.0021337729349
0.0021337840256
0.0021338087825
0.00213381556
0.00213381556
0.0021338087825
0.0021337840256
0.0021337729349
0.0021337729349
0.0021337840256
0.0021338087825
0.00213381556
0.00213381556
0.0021338087825
0.0021337840256
0.0021337729349
0.00225574851255
0.0022557551839
0.00225573704
0.00225574684
0.00225574684
0.00225573704
0.0022557551839
0.00225574851255
0.00225574851255
0.0022557551839
0.00225573704
0.00225574684
0.00225574684
0.00225573704
0.0022557551839
0.00225574851255
0.00237768101255
0.0023776870258
0.002377662044
0.002377620709
0.002377620709
0.002377662044
0.0023776870258
0.00237768101255
0.00237768101255
0.0023776870258
0.002377662044
0.002377620709
0.002377620709
0.002377662044
0.0023776870258
0.00237768101255
